0 1
0 4
0 12
0 22
0 35
0 36
0 44
1 0
1 4
1 12
1 35
1 45
2 16
2 30
2 37
2 39
2 41
4 0
4 1
4 12
4 14
4 35
4 45
5 23
6 11
6 32
6 34
6 36
6 54
7 26
9 48
11 6
11 30
11 54
12 0
12 1
12 4
12 22
12 34
12 35
12 44
13 43
14 4
14 21
16 2
16 30
16 37
16 39
21 1
21 14
21 45
22 0
22 12
22 35
22 44
22 51
23 5
25 27
25 41
26 7
26 43
26 48
27 28
27 41
27 46
27 47
28 27
28 37
28 38
28 40
28 41
28 42
28 49
29 46
29 50
30 2
30 16
30 28
30 37
30 39
32 0
32 6
32 17
32 34
32 54
34 6
34 12
34 32
34 36
35 0
35 1
35 4
35 12
35 22
35 44
35 45
35 51
36 0
36 6
36 34
36 54
37 2
37 16
37 28
37 30
37 39
37 41
38 28
38 42
38 49
39 2
39 16
39 30
39 37
39 41
40 28
40 42
41 25
41 27
41 28
41 37
41 39
42 28
42 38
42 40
42 49
43 26
44 0
44 12
44 22
44 36
44 51
45 1
45 4
45 21
46 27
46 29
47 27
47 50
48 9
48 26
48 43
49 28
49 38
49 40
49 42
50 29
50 47
51 22
51 44
54 6
54 11
54 32
54 36
